10
HARD0
 obj=   57   1
34978 34849 30125 48
34703 34608 30683 6
34598 34524 30869 9
34356 34308 30943 393
34069 34049 31782 100
33895 33842 32230 33
33806 33738 32398 58
33716 33590 32638 56
33546 33507 32897 50
33468 33465 32976 91
33383 33190 33075 352
32762 32696 32553 1989
32176 31967 31954 3903
31903 31724 31686 4687
31597 31561 31532 5310
31499 31346 30915 6240
30766 30678 30644 7912
30559 30448 30315 8678
30238 29974 29947 9841
29890 29886 29858 10366
29856 29783 29697 10664
29427 29301 21060 20114 98
29173 29123 20813 20677 214
29116 29095 21557 20226 6
29063 29041 20693 20676 527
28977 28946 21727 20307 43
28910 28842 20664 20616 968
28360 28350 22432 20837 21
28302 28225 22338 20997 138
28094 28040 23178 20686 2
27901 27775 23795 20496 33
27765 27439 24332 20441 23
27394 27365 23453 21784 4
27284 27180 22134 21950 1452
26881 26867 21948 21722 2582
26795 26651 24564 21498 492
26550 26432 26375 20634 9
26368 26244 26204 21127 57
26192 26181 26158 21315 154
26133 26067 25945 21796 59
25906 25759 25698 22442 195
25688 25652 25615 22991 54
25530 25528 25366 23502 74
25324 25273 25142 23987 274
24852 24846 24658 24592 1052
24463 24457 24374 26703 3
24359 23956 23952 27688 45
23932 23895 23837 28020 316
23774 23663 23621 27425 1517
23430 23366 23090 28160 1954
22942 22743 22415 28703 3197
22081 22014 28305 27349 251
21480 21193 29117 20693 7517
29438 29174 20663 20570 155
29094 29038 26935 14933
28921 71079
20566 79434
HARD1
 obj=   58   1
34991 34949 29975 85
34847 34577 30498 78
34461 34343 31194 2
34318 34316 31197 169
34302 34290 31378 30
34282 34279 31179 260
34046 33944 31863 147
33814 33813 32356 17
33753 33653 32528 66
33620 33584 32784 12
33554 33544 32897 5
33426 33414 33034 126
33376 33273 33270 81
33170 33007 32957 866
32773 32499 32423 2305
32400 32302 32090 3208
31850 31841 31840 4469
31775 31773 31655 4797
31613 31608 31587 5192
31535 30992 30899 6574
30780 30742 30685 7793
30645 30641 30610 8104
30336 30327 30271 9066
30105 29957 29924 10014
29815 29777 20324 20008 76
29754 29658 29648 10940
29481 29416 20819 20233 51
29415 29410 29408 11767
29316 29002 21222 20458 2
28947 28897 21669 20422 65
28636 28538 22036 20718 72
28435 28360 22253 20944 8
28063 28007 22744 21098 88
27937 27879 23473 20709 2
27715 27517 23260 21506 2
27146 27072 23927 21807 48
26985 26894 22687 22467 967
26799 26797 22596 22412 1396
26717 26582 26511 20137 53
26472 26469 26386 20488 185
26301 26117 26110 21437 35
26031 26030 25705 22226 8
25532 25524 25499 23438 7
25441 25421 25356 23583 199
25310 25227 25118 24299 46
25073 24989 24955 24844 139
24792 24625 24562 24526 1495
24451 24290 23885 27230 144
23873 23850 23795 27983 499
23408 23354 23328 27760 2150
23145 23128 22994 28330 2403
22581 22516 27028 26840 1035
22206 21933 28801 21749 5311
22177 21997 22337 28507 4982
21585 21214 28987 21316 6898
21525 21656 21415 35404
29553 29870 40577
29361 70639
HARD2
 obj=   58   2
34953 34942 29999 106
34849 34732 30369 50
34683 34640 30648 29
34590 34446 30955 9
34315 34314 31192 179
34236 34088 31646 30
34060 33942 31982 16
33861 33858 32186 95
33811 33800 32387 2
33764 33725 32363 148
33709 33475 32787 29
33415 33402 33093 90
33367 33286 33280 67
33083 33047 33005 865
32966 32931 32906 1197
32731 32716 32708 1845
32670 32651 32621 2058
32560 32555 32544 2341
32143 32094 32072 3691
31912 31830 31759 4499
31641 31548 31505 5306
31411 31408 31383 5798
31155 31153 31083 6609
30726 30531 30528 8215
30250 30226 30165 9359
30111 29973 29899 10017
29512 29509 20926 20009 44
29429 28933 21148 20396 94
28882 28849 21599 20654 16
28823 28595 21671 20818 93
28486 28399 22467 20643 5
28099 28021 23207 20633 40
27873 27850 23407 20701 169
27670 27607 22772 21546 405
27317 27290 24093 21299 1
27163 27104 22695 22587 451
27052 27012 24496 21338 102
26656 26598 22764 22660 1322
26477 26474 26470 20474 105
26411 26397 26352 20822 18
26176 26155 26076 21567 26
26019 25983 25932 21694 372
25802 25702 25474 22961 61
25412 25279 25253 23977 79
25192 25058 25039 24654 57
24864 24595 24508 24497 1536
24376 24345 24324 26866 89
24250 24202 24069 27402 77
23833 23793 23758 28006 610
23152 23080 23023 28269 2476
22743 22739 27672 26786 60
22649 27211 22582 22576 4982
22579 22655 22572 22346 9848
28497 22579 22284 21502 5138
28841 22412 21499 21459 5789
22190 21132 28887 21004 6787
29501 70499
29787 70213
HARD3
 obj=   57   2
34746 34740 30499 15
34738 34679 30394 189
34566 34566 30865 3
34437 34404 31037 122
34037 33786 32032 145
33749 33609 32481 161
33606 33587 32703 104
33508 33490 33000 2
33363 33346 33279 12
33269 33211 33145 375
33032 32818 32811 1339
32478 32414 32307 2801
32009 31971 31940 4080
31937 31851 31751 4461
31678 31598 31575 5149
31503 31491 31462 5544
31449 31414 31299 5838
31232 31025 30940 6803
30934 30720 30704 7642
30677 30265 30264 8794
30249 30188 29896 9667
29750 29750 29623 10877
29435 29404 20664 20423 74
29288 29280 20847 20530 55
29216 29162 20773 20600 249
29022 28885 21346 20740 7
28746 28566 21751 20919 18
28308 28077 22950 20633 32
27896 27800 23369 20903 32
27509 27509 23406 21328 248
27482 27474 23290 21615 139
27327 27302 22823 22351 197
27237 27205 24256 21299 3
27019 27008 22781 22308 884
26993 26946 24518 21310 233
26667 26663 26635 20033 2
26506 26375 26310 20778 31
26229 26132 26075 21415 149
26036 26011 25993 21856 104
25726 25604 25579 23070 21
25501 25466 25454 23452 127
25349 25296 25225 23857 273
25143 25050 25028 24724 55
24838 24796 24688 24585 1093
24458 24451 24312 26737 42
24239 24212 24175 27299 75
23791 23680 23405 27680 1444
23367 23346 23336 27961 1990
23174 23096 23057 27504 3169
22917 22896 22893 28462 2832
22678 22352 27402 27169 399
22217 22036 22195 28758 4794
22097 22063 22268 22220 11352
29036 21267 21613 21117 6967
21585 21965 21269 35181
29376 70624
29553 29068 41379
HARD4
 obj=   58   1
35000 34970 29845 185
34839 34733 30370 58
34369 34328 31187 116
34237 34229 31482 52
34225 34197 31562 16
34154 34002 31690 154
33988 33977 31950 85
33958 33934 32068 40
33891 33839 32200 70
33471 33218 33149 162
32979 32940 32936 1145
32912 32902 32900 1286
32885 32802 32802 1511
32802 32708 32637 1853
32415 32403 32110 3072
32067 32058 31946 3929
31923 31919 31624 4534
31475 31450 31432 5643
31405 31363 31107 6125
31088 30940 30873 7099
30866 30750 30538 7846
30527 30497 30347 8629
30290 30156 30140 9414
30118 30051 29750 10081
29654 29646 29552 11148
29415 29403 20788 20368 26
29300 29271 20986 20299 144
29151 29131 28998 12720
28937 28867 21369 20774 53
28821 28820 21289 20897 173
28489 28380 22246 20738 147
28252 28225 22237 20971 315
28105 28104 22872 20899 20
27900 27864 23299 20892 45
27668 27661 22140 21774 757
27589 27570 22095 21753 993
27416 27322 23119 22143 0
27271 27221 22217 22045 1246
26975 26813 24424 21744 44
26692 26591 26520 20139 58
26432 26337 26290 20920 21
26289 26219 25966 21500 26
25822 25563 25546 23013 56
25461 25442 25361 23671 65
25356 25281 25259 24092 12
25122 25078 25024 24721 55
24793 24790 24789 24714 914
24413 24341 24325 26881 40
24234 24198 24149 23920 3499
23907 23864 23811 23799 4619
23781 23662 23493 28044 1020
23206 23162 23139 27497 2996
22984 22983 22846 28223 2964
22771 22533 22467 28696 3533
22166 28267 27287 22280
21930 27699 27593 22778
29382 29512 41106
28724 28951 42325
HARD5
 obj=   56   0
34955 34773 30246 26
34641 34529 30751 79
34478 34453 31064 5
34441 34399 31008 152
34131 34102 31766 1
33996 33978 31717 309
33732 33523 32681 64
33445 33437 33108 10
33428 33386 33183 3
33338 33140 33076 446
33005 32986 32984 1025
32859 32819 32749 1573
32620 32582 32504 2294
32425 32417 31699 3459
31648 31566 31505 5281
31373 31355 31273 5999
31264 31216 30918 6602
30905 30724 30707 7664
30689 30617 30592 8102
30519 30459 30315 8707
30297 30279 30246 9178
30148 30138 30069 9645
29962 29899 29898 10241
29737 29735 29626 10902
29495 29434 20646 20409 16
29063 28917 21440 20500 80
28709 28678 22109 20443 61
28426 28296 22887 20385 6
28213 28210 23172 20382 23
27960 27628 22689 21642 81
27502 27473 23852 21156 17
27330 27323 24168 21147 32
27240 27120 23654 21958 28
27015 26845 22095 21296 2749
26839 26828 22542 21122 2669
26607 26570 26554 20000 269
26311 26308 26270 21048 63
26225 26219 26211 21345 0
26088 26067 26060 21712 73
25994 25942 25920 22131 13
25916 25866 25827 22345 46
25735 25600 25561 23012 92
25504 25443 25437 23572 44
25380 25097 25077 24361 85
25071 25054 25037 24788 50
24941 24933 24871 24843 412
24751 24720 24594 24565 1370
24312 24153 24152 27345 38
24145 24109 24088 27622 36
23829 23766 23630 27301 1474
23482 23379 22937 28231 1971
22936 22897 22886 28524 2757
22876 22673 22670 28198 3583
22262 22199 28862 26636 41
21036 20812 21021 29590 7541
21031 20960 29159 27090 1760
HARD6
 obj=   58   1
34973 34910 30104 13
34885 34807 30150 158
34720 34655 30582 43
34630 34613 30580 177
34536 34230 31227 7
34226 34172 31470 132
34069 34069 31787 75
34066 33902 31943 89
33843 33761 32380 16
33637 33632 32649 82
33429 33351 33070 150
33343 33303 33300 54
33259 33045 33022 674
32986 32881 32785 1348
32759 32583 32560 2098
32558 32545 32332 2565
32297 32113 32077 3513
31916 31770 31719 4595
31718 31701 31652 4929
31641 31269 31138 5952
31006 30831 30828 7335
30814 30561 30379 8246
30371 30339 30125 9165
30098 30075 30039 9788
29860 29627 20395 20050 68
29532 29516 20619 20081 252
29404 29313 29268 12015
29186 29179 29139 12496
28932 28820 21720 20348 180
28692 28436 22237 20613 22
28321 28298 22778 20598 5
27954 27911 23483 20565 87
27642 27627 23232 21473 26
27464 27393 23632 21472 39
27321 27202 22948 22513 16
27032 26978 24382 21577 31
26794 26705 24507 21711 283
26630 26449 26409 20433 79
26354 26345 26307 20895 99
26278 26192 26188 20817 525
26112 26014 25959 21753 162
25808 25806 25741 22618 27
25655 25640 25611 23088 6
25609 25491 25344 23547 9
25233 25134 25028 24584 21
24967 24931 24870 24512 720
24476 24424 24413 26671 16
24363 24356 24200 27080 1
24129 24089 24064 24043 3675
23991 23866 23765 27616 762
23595 23378 23335 28086 1606
23324 23302 23224 27758 2392
23147 22922 22886 27334 3711
22450 28360 22433 22149 4608
22345 22232 28716 22487 4220
29051 21649 29547 19753
21634 22041 56325
29907 70093
HARD7
 obj=   57   2
34808 34689 30462 41
34603 34583 30793 21
34336 34297 31312 55
34244 34192 31095 469
34092 34045 31788 75
34030 33976 31894 100
33959 33872 32094 75
33820 33736 32256 188
33641 33592 32733 34
33405 33362 33223 10
33333 33299 33253 115
33242 33120 33093 545
33067 32193 32003 2737
31746 31734 31720 4800
31675 31651 31648 5026
31618 31611 31599 5172
31598 31062 30853 6487
30691 30599 30567 8143
30537 30436 30264 8763
30246 30218 30053 9483
30037 29942 29941 10080
29779 29746 20343 20131 1
29682 29641 20490 20173 14
29563 29462 20816 20157 2
29450 29356 20984 20162 48
29288 29280 21389 20017 26
29235 29169 29129 12467
28954 28671 22095 20260 20
28336 28269 22977 20332 86
28000 27973 23445 20533 49
27914 27885 23636 20476 89
27741 27653 23868 20721 17
27567 27563 24093 20694 83
26550 26402 26366 20584 98
26361 26348 26225 21027 39
26139 26108 25991 21594 168
25718 25683 25639 22959 1
25462 25290 25228 23974 46
25136 25043 25038 24768 15
24962 24892 24823 24803 520
24621 24559 24441 24419 1960
24381 24250 24235 26904 230
24083 24065 24060 27759 33
23833 23633 23581 27968 985
23523 23413 23317 28200 1547
23202 23160 23150 23117 7371
22955 22947 22915 28437 2746
22833 22755 22739 22603 9070
22592 22557 22554 22530 9767
22354 22313 22306 28955 4072
22092 22021 21948 21934 12005
21913 21855 21564 21543 13125
21518 21440 21370 29299 6373
21205 21174 20969 29461 7191
20932 20900 20844 29633 7691
29688 70312
29879 70121
HARD8
 obj=   57   0
34992 34948 30010 50
34868 34591 30515 26
34582 34127 31267 24
34077 34055 31817 51
34007 34004 31917 72
33990 33918 32084 8
33813 33780 32390 17
33756 33744 32486 14
33700 33659 32584 57
33496 33484 32988 32
33443 33428 33110 19
33369 33354 33191 86
33347 33185 33162 306
32968 32879 32846 1307
32797 32708 32656 1839
32466 32456 32440 2638
32373 32353 32352 2922
32282 32187 32111 3420
32097 32017 31990 3896
31880 31752 31540 4828
31528 31471 31309 5692
31232 31204 30773 6791
30703 30552 30549 8196
30305 30221 30162 9312
30115 30107 30072 9706
29704 29550 20622 20091 33
29547 29547 29457 11449
29325 29226 21041 20371 37
29034 28859 21921 20146 40
28652 28535 22523 20248 42
28423 28421 22897 20236 23
28386 28348 21866 21020 380
27919 27793 23609 20603 76
27669 27365 24023 20778 165
27266 26928 24230 21560 16
26868 26677 24659 21747 49
26673 26658 24199 22287 183
26559 26507 26476 20410 48
26424 26421 26320 20796 39
26251 26224 26214 21046 265
26128 25943 25900 21978 51
25879 25852 25821 22404 44
25720 25655 25625 22937 63
25495 25455 25174 23872 4
25150 25104 25028 24682 36
24917 24898 24860 24813 512
24475 24370 24301 26848 6
24283 24273 24251 27096 97
24088 24086 24084 26676 1066
23947 23736 23725 27703 889
23562 23515 23453 27930 1540
23414 23235 23078 23036 7237
22932 22826 22680 28502 3060
22646 28837 22240 21655 4622
22151 21963 29155 22664 4067
20774 29418 29972 19836
21403 28388 21464 28745
HARD9
 obj=   58   2
34991 34941 30063 5
34922 34866 30140 72
34849 34771 30341 39
34768 34748 30395 89
34544 34358 31006 92
34254 34155 31354 237
34098 34076 31692 134
34055 34048 31865 32
34029 33990 31961 20
33871 33780 32309 40
33750 33654 32394 202
33612 33581 32795 12
33430 33260 33197 113
33155 33115 33007 723
32989 32708 32384 1919
32193 32039 32038 3730
32008 31995 31946 4051
31839 31829 31633 4699
31169 31141 30929 6761
30843 30842 30807 7508
30741 30514 30387 8358
30296 30287 30284 9133
30135 29975 29933 9957
29735 29730 20431 20081 23
29525 29518 20585 20338 34
29378 29234 21059 20310 19
29178 29092 21296 20296 138
28947 28647 21866 20513 27
28550 28547 22067 20813 23
28461 28299 22417 20755 68
28252 28251 21849 21607 41
28009 28003 23195 20725 68
27852 27811 23565 20693 79
27508 27413 24020 20954 105
27184 27162 24329 21239 86
27099 27048 22281 22042 1530
27041 26733 24555 21608 63
26362 26183 25997 21401 57
25976 25897 25856 22239 32
25784 25700 25668 22712 136
25641 25522 25490 23205 142
25433 25408 25322 23837 0
25299 25237 25091 24367 6
25057 25015 24990 24834 104
24974 24939 24777 24743 567
24625 24449 24340 26506 80
24126 24085 24050 27409 330
23999 23989 23974 27664 374
23928 23836 23491 27967 778
23422 23417 23156 28159 1846
23092 22644 22392 28471 3401
22212 22045 28574 27113 56
21851 29089 21713 21594 5753
21674 22003 29218 21180 5925
20948 20947 21128 29703 7274
29423 28267 42310
29859 70141
