20
u120_00
 obj=   48   0
43 55 
67 24 
114 41 
69 94 
103 62 
100 42 
4 3 
73 13 
17 66 
68 26 
74 49 38 
5 92 
54 58 106 
16 37 
20 0 27 
115 99 35 
15 111 
53 75 87 
71 18 60 
91 52 
105 56 
83 2 
112 93 
22 28 
48 90 46 
78 1 
44 25 
81 86 
109 104 
11 80 
79 84 36 
61 29 
85 72 50 
95 8 12 
107 64 57 
82 30 
39 23 
70 76 
96 14 10 
110 77 
117 118 97 
9 33 88 113 
116 40 65 63 
51 119 59 98 
6 19 47 7 
101 31 
32 45 102 34 108 
21 89 
u120_01
 obj=   49   0
82 8 
115 63 77 
38 42 
110 111 
44 34 
46 91 
51 117 
80 26 
102 58 
0 21 
27 57 
66 59 
36 33 
53 70 
76 74 
35 84 
62 11 
15 10 
103 47 
13 3 
116 89 
83 29 
24 31 
2 23 48 40 
5 73 
25 86 
52 12 
64 22 
68 109 
98 114 
101 19 65 
54 49 
79 69 
92 30 
4 105 
99 93 39 
75 78 
94 72 37 
45 1 50 
55 106 14 
85 81 43 
97 17 18 
7 95 67 119 
90 112 71 6 
107 56 
9 61 16 60 
108 28 96 32 
87 100 118 41 20 
88 104 113 
u120_02
 obj=   46   0
1 26 
116 93 
105 9 4 
37 27 
106 44 
42 72 
58 66 
8 63 68 
54 84 118 
110 24 
111 96 
47 2 
112 78 88 
38 3 6 114 
23 90 
22 12 
10 50 
13 95 
31 101 
34 51 
49 5 
70 18 
43 100 
52 15 
60 46 
102 55 
86 75 20 
94 81 
99 82 119 
62 32 
28 41 61 73 
29 109 
30 48 79 
56 64 21 
104 25 19 
40 98 
117 59 39 7 
69 97 16 
83 85 67 35 
0 65 77 11 
53 107 92 
71 103 14 76 
91 17 108 45 
115 36 57 80 113 
33 89 
74 87 
u120_03
 obj=   49   0
9 34 
93 49 
50 30 
23 18 
77 100 
111 107 
58 44 
90 83 
5 98 
15 60 22 
27 79 70 
117 95 24 
65 85 
4 94 
36 114 
74 63 
76 8 
16 78 
51 115 
112 97 
56 82 
33 48 
6 7 
37 10 
52 26 
67 69 
96 11 
20 46 
42 80 89 
88 39 
2 57 
3 38 
41 75 35 
12 43 1 
17 61 
72 105 
113 102 19 
101 99 
84 81 68 
71 86 
92 87 
25 45 
116 14 59 
29 73 21 32 
31 62 119 106 
91 103 118 
108 40 66 13 
47 64 110 0 104 
53 109 54 55 28 
u120_04
 obj=   50   0
35 28 
98 74 
1 48 
93 62 
16 51 
45 86 
15 76 34 
33 117 
56 18 109 
71 37 
92 85 
113 94 
10 79 
43 107 
99 27 
47 26 
17 112 
78 118 
80 12 2 
32 96 97 
57 49 58 
73 103 59 
19 0 3 
24 53 
11 23 
46 115 89 
88 36 9 
110 40 64 
70 50 
114 87 
20 42 
54 4 
6 67 
72 5 
14 55 
91 60 
7 116 
65 77 
22 29 
30 104 
66 82 
83 25 44 
90 105 
119 108 
61 111 75 13 
41 81 21 38 
95 31 39 52 
106 102 
84 8 100 
68 69 101 63 
u120_05
 obj=   48   0
34 8 
87 82 
56 89 
44 19 
47 15 
75 58 
81 61 
88 98 
100 24 
112 48 
105 46 
115 103 
73 52 
108 79 
114 110 
45 26 
13 35 
21 33 
60 67 
10 68 
83 66 
22 31 
7 27 
57 70 97 
118 6 
11 2 
23 38 
43 4 
107 102 
116 53 
36 50 
77 80 
5 18 111 
95 96 1 
14 29 
16 93 
28 94 
90 104 0 
91 63 59 
3 74 69 
86 12 65 
113 119 62 32 
64 25 78 76 
109 51 72 20 
39 17 42 54 
30 37 49 101 
40 41 85 71 84 
99 117 9 92 106 55 
u120_06
 obj=   48   0
8 97 
84 98 
113 53 52 11 
93 40 
2 15 
18 32 
46 111 
70 115 
5 9 
62 33 
92 36 
61 47 
19 17 
28 25 
34 31 
45 72 
100 38 
4 14 
16 65 
27 75 
59 68 
22 56 
3 77 
66 12 85 37 
108 13 
0 55 
58 118 41 
88 42 64 
91 114 23 
67 51 39 
20 106 
21 110 
103 101 
82 10 78 
73 26 
76 1 109 
102 99 29 
96 54 
112 105 83 
35 107 49 80 
116 86 95 
71 24 48 
87 117 44 
60 79 30 6 
63 7 74 
104 90 89 43 94 
69 57 81 
50 119 
u120_07
 obj=   49   0
60 6 
19 119 
87 52 14 
39 97 
46 38 
62 50 
1 83 
30 86 
13 16 
42 15 
71 102 
116 57 
76 65 
10 105 
2 93 
49 0 
84 45 
21 75 
9 23 
35 80 
17 41 
55 108 
48 7 
20 115 103 
110 59 
111 104 
29 40 
28 72 
89 18 33 
8 47 91 
5 34 
61 98 
73 101 
44 78 
113 51 77 
74 90 66 
94 58 95 
81 25 82 
67 70 92 
96 4 3 
12 27 36 
69 109 37 
114 85 54 117 
107 64 112 118 
106 22 26 
53 88 24 
100 43 79 11 
63 56 31 68 
99 32 
u120_08
 obj=   51   1
0 42 
17 49 
36 84 
19 85 
46 93 
66 111 
6 10 
23 3 
61 62 
52 44 
4 64 76 
68 91 31 1 
34 35 
81 95 12 
22 5 
54 39 
26 107 
65 78 
83 79 
92 45 
33 71 
74 89 
98 103 
112 108 
115 2 90 
102 28 
24 14 
21 13 
106 86 
110 114 80 
57 75 
55 30 
73 48 
18 47 
99 56 
11 20 
8 25 
63 38 118 
67 40 
105 101 
60 97 
96 58 
100 119 16 
113 94 
82 70 87 15 
41 7 43 
109 50 37 72 
77 29 51 53 59 
32 88 104 27 9 
117 116 
69 
u120_09
 obj=   47   1
47 91 
83 87 
113 31 
33 1 
22 18 
110 111 102 
106 98 
10 56 
76 103 
99 101 
0 12 
39 100 
45 2 
85 117 
55 53 57 
74 32 
78 89 
86 77 
4 61 
25 16 
24 58 
40 82 
107 92 
60 23 
67 104 
43 112 
52 97 
63 115 
35 19 11 
8 3 15 
36 13 
90 30 
9 26 
46 50 
64 73 
105 66 95 
72 109 62 
21 71 29 
116 44 20 80 34 
14 28 51 93 
68 96 41 42 
48 118 
108 70 38 65 
49 79 37 75 5 
69 88 81 84 114 
54 119 6 17 27 7 
59 94 
u120_10
 obj=   52   0
81 25 
18 7 
63 26 
78 117 
107 119 62 
86 22 
118 65 
8 67 
42 95 
74 97 
98 64 
109 84 
89 38 
72 54 
27 10 
40 99 
47 39 
91 50 
114 17 
4 30 
37 102 
49 116 41 
105 0 96 
71 83 
6 35 
28 92 36 
45 59 51 
82 56 
20 15 
79 5 58 
68 33 
70 93 
73 101 
19 14 
94 1 16 
3 31 
88 112 
77 2 
9 53 
103 52 57 
60 85 
69 29 34 
104 12 
90 43 
23 48 
24 55 66 
100 87 80 
108 13 44 76 
111 106 115 75 
46 11 113 
32 21 
61 110 
u120_11
 obj=   49   0
23 38 
64 72 
43 103 75 
8 68 
71 78 
85 53 
46 54 24 
100 67 
14 59 
4 44 110 
57 99 
19 41 
16 6 
40 56 
62 109 
55 37 86 
17 42 
36 58 
112 111 
60 12 
65 89 
30 33 
7 35 
61 70 
15 119 
66 63 
106 80 
9 81 
10 108 51 
28 95 
104 26 
118 87 
31 90 27 18 
34 39 
94 47 91 117 
102 29 73 
107 114 
113 101 13 
0 50 
45 97 5 
88 76 3 
105 11 
52 98 
48 32 1 
22 84 115 
2 21 25 69 49 
96 77 
83 82 
116 74 92 20 93 79 
u120_12
 obj=   49   1
24 8 
71 18 
108 75 
98 2 
6 16 
84 112 
106 47 101 
93 82 
0 12 
107 97 
4 45 
25 28 66 
77 20 
57 46 
62 58 
10 5 
110 29 
114 48 
38 65 
42 109 26 
117 63 
22 21 
76 35 
23 49 94 
34 51 
80 81 
3 15 
44 104 
69 115 
116 85 
118 60 
17 102 
86 95 73 
78 96 
83 99 
90 7 40 
41 113 79 
32 59 53 
14 119 19 
91 72 1 
64 100 37 30 89 
27 55 87 
67 70 74 
61 50 105 54 
13 36 39 
92 68 
88 11 111 31 33 
56 103 9 52 
43 
u120_13
 obj=   49   0
16 7 
101 58 
13 14 
20 43 
15 59 
31 109 
21 8 
82 40 
27 23 
28 85 
5 56 
60 92 
70 97 
9 47 12 24 
76 115 
88 69 51 
91 102 80 
37 63 
65 96 
67 52 
61 53 
17 111 
117 89 
3 2 
39 50 
72 79 
106 103 
48 46 
78 22 93 
18 32 
36 55 
42 112 
84 57 49 66 
6 33 74 71 
105 54 
19 38 
30 41 
4 29 
81 0 
119 110 62 
25 95 118 
45 114 68 116 
83 34 75 64 
35 77 99 73 
11 44 100 26 
90 87 107 108 
94 10 
1 113 98 
86 104 
u120_14
 obj=   50   0
46 47 
57 35 117 
82 30 
15 22 
112 101 
43 66 
78 70 
16 9 
92 54 
20 109 
28 93 
76 1 
104 59 
4 95 51 
42 38 
97 99 
84 10 
110 41 
8 58 
81 89 
69 74 
72 94 
3 63 
118 96 
49 11 
53 65 
107 119 
33 31 
36 60 
50 115 
79 68 
56 32 
2 27 
85 29 
100 12 5 
7 14 
83 39 21 
73 24 67 
17 75 
88 108 
116 102 0 
44 61 45 
86 105 106 
71 34 113 23 
103 19 98 13 
25 6 64 52 
111 55 90 
77 40 48 87 26 
91 37 18 80 
114 62 
u120_15
 obj=   48   0
71 90 
118 23 
6 84 
26 72 
50 37 
8 92 
79 5 
114 55 
15 7 
58 42 
40 69 
106 27 
64 77 
93 101 
117 63 
32 97 12 
45 86 
33 39 
60 21 89 
16 1 
28 22 
4 66 
105 80 
104 3 
115 52 
102 65 
41 29 
62 78 
112 107 
0 73 
95 119 
13 9 
17 51 25 
47 14 
36 54 
70 68 
43 74 
57 110 
96 99 85 
98 100 111 
59 75 108 31 
2 91 53 49 
67 10 18 20 
116 35 56 82 94 
109 87 11 
76 88 19 83 44 
113 81 30 38 61 34 
48 103 24 46 
u120_16
 obj=   52   0
18 4 
45 103 49 
98 35 42 
17 114 
25 15 
37 31 
59 2 
83 23 
29 1 
90 28 
99 13 116 
16 63 
40 94 
44 111 
7 65 46 
67 26 21 
30 3 
107 48 
110 54 
20 66 
6 61 
36 71 
81 100 
70 55 
32 75 
5 58 
112 96 47 
60 88 
19 85 
39 109 
24 84 12 
69 77 
68 87 
79 56 
41 80 
89 22 
108 8 
117 9 
14 97 
62 106 
33 0 11 
64 104 
86 119 
52 72 
95 118 
78 115 
91 51 
101 10 34 27 
82 43 50 92 
93 73 113 102 
53 76 38 105 74 
57 
u120_17
 obj=   53   1
13 94 
23 43 67 107 
118 106 74 
89 49 
97 77 
42 40 
65 79 
45 59 
115 80 
15 82 
81 0 
96 21 
58 73 
117 31 33 
9 78 
51 104 
87 52 
100 109 
11 64 
32 75 
90 6 
14 88 
69 22 47 
72 46 
95 99 93 
116 37 
1 102 
10 66 
105 112 
48 84 
110 101 
57 111 16 
56 3 
50 34 
62 4 
70 35 
30 54 
44 12 
5 24 
119 86 
28 19 
18 63 
113 25 
114 55 
26 27 
91 76 
61 17 85 108 
53 38 
68 39 41 98 
92 103 71 
2 7 29 20 
83 60 8 
36 
u120_18
 obj=   49   0
45 24 
75 46 
102 61 
118 82 
56 15 
99 6 
58 8 
64 35 
119 29 
38 48 
76 72 
93 77 
73 20 
5 21 
108 60 
11 28 
13 34 
31 109 
113 79 
81 51 
103 10 
17 44 
84 23 
104 25 
19 70 
2 43 
47 95 
91 100 87 101 
27 62 
36 49 
52 55 
65 3 
16 63 
18 37 
42 54 
85 12 
67 106 
41 74 59 
22 1 50 40 
112 116 110 
9 94 0 14 
33 71 114 111 
39 86 66 117 
30 92 90 
78 97 105 98 
83 53 57 69 
7 115 4 32 
68 107 89 26 88 
80 96 
u120_19
 obj=   50   1
8 16 
81 31 
56 101 
93 35 
104 52 
5 91 
12 30 37 
20 84 
74 0 
97 85 
46 24 
51 92 
1 67 
43 80 113 
75 36 
102 106 
13 86 
60 95 
57 48 
83 19 
33 90 
78 115 
82 73 
107 25 
18 32 
96 3 
105 22 
110 9 40 
49 23 
98 54 
70 71 
53 117 
118 45 
64 17 27 
69 38 
11 65 
44 50 
59 79 
77 41 
39 114 88 
29 7 109 
55 10 34 
68 87 4 
6 116 89 21 
99 111 2 94 
14 112 
28 63 119 62 
100 61 72 103 
42 108 26 47 15 58 
66 76 
