1
HARD9
 obj=   58   2
155 13 175 
0 165 0 0 85 0 93 
176 121 121 
38 104 80 
188 8 97 
197 197 197 176 
197 124 67 28 
14 85 14 
41 41 197 
174 81 173 
34 34 93 
173 30 176 
38 176 176 
38 197 179 
27 30 17 
38 66 38 
32 32 85 
30 28 28 
32 50 52 
5 32 5 
3 59 4 
34 97 94 
68 67 68 
7 108 52 
77 80 
27 30 3 
6 16 3 
28 97 28 
28 7 85 
67 97 67 
34 176 3 
94 80 93 
4 80 94 
176 176 176 
74 0 104 
85 85 197 85 
28 85 85 
113 192 113 113 
67 121 67 67 
119 117 117 170 
122 157 120 121 
125 151 160 125 
140 160 140 176 
129 175 85 129 
127 133 126 136 
160 176 160 146 
81 108 16 16 
147 94 130 192 
153 28 188 33 
158 156 113 159 
16 114 114 16 
193 176 6 193 
170 97 104 104 97 
104 63 159 80 
17 92 17 85 
38 92 42 3 
0 93 38 19 
4 28 
